46
0.000473 0.000473 0.000473 0.000473 0.000473 0.000473 0.000473 00.000473 0.000473 
0.000473 0.000473 0.000473 0.000473 0.000473 0.000473 0.000473 00.000473 0.000473 
0.000473 0.000473 0.000473 0.000473 0.000473 0.000473 0.000473 00.000473 0.000473 
0.000473 0.000473 0.000473 0.000473 0.000473 0.000473 0.000473 00.000473 0.000473 
0.000473 0.000473 0.000473 0.000473 0.000473 0.000473 0.000473 00.000473 0.000473 
0.000473 0.000473 0.000473 0.000473 0.000473 0.000473 0.000473 00.000473 0.000473 
0.000473 0.000473 0.000473 0.000473 0.000473 0.000473 0.000473 00.000473 0.000473 
0.000473 0.000473 0.000473 0.000473 0.000473 0.000473 0.000473 00.000473 0.000473 
0.000473 0.000473 0.000473 0.000473 0.000473 0.000473 0.000473 00.000473 0.000473 
0.000473 0.000473 0.000473 0.000473 0.000473 0.000473 0.000473 00.000473 0.000473 
0.000473 0.000473 0.000473 0.000473 0.000473 0.000473 0.000473 00.000473 0.000473 
0.000473 0.000473 0.000473 0.000473 0.000473 0.000473 0.000473 00.000473 0.000473 
0.000473 0.000473 0.000473 0.000473 0.000473 0.000473 0.000473 00.000473 0.000473 
0.000473 0.000473 0.000473 0.000473 0.000473 0.000473 0.000473 00.000473 0.000473 
0.000473 0.000473 0.000473 0.000473 0.000473 0.000473 0.000473 00.000473 0.000473 
0.000473 0.000473 0.000473 0.000473 0.000473 0.000473 0.000473 00.000473 0.000473 
0.000473 0.000473 0.000473 0.000473 0.000473 0.000473 0.000473 00.000473 0.000473 
0.000473 0.000473 0.000473 0.000473 0.000473 0.000473 0.000473 00.000473 0.000473 
0.000473 0.000473 0.000473 0.000473 0.000473 0.000473 0.000473 00.000473 0.000473 
0.000473 0.000473 0.000473 0.000473 0.000473 0.000473 0.000473 00.000473 0.000473 
0.000473 0.000473 0.000473 0.000473 0.000473 0.000473 0.000473 00.000473 0.000473 
0.000473 0.000473 0.000473 0.000473 0.000473 0.000473 0.000473 00.000473 0.000473 
0.000473 0.000473 0.000473 0.000473 0.000473 0.000473 0.000473 00.000473 0.000473 
0.000473 0.000473 0.000473 0.000473 0.000473 0.000473 0.000473 00.000473 0.000473 
0.000473 0.000473 0.000473 0.000473 0.000473 0.000473 0.000473 00.000473 0.000473 
0.000473 0.000473 0.000473 0.000473 0.000473 0.000473 0.000473 00.000473 0.000473 
0.000473 0.000473 0.000473 0.000473 0.000473 0.000473 0.000473 00.000473 0.000473 
0.000473 0.000473 0.000473 0.000473 0.000473 0.000473 0.000473 00.000473 0.000473 
0.000473 0.000473 0.000473 0.000473 0.000473 0.000473 0.000473 00.000473 0.000473 
0.000473 0.000473 0.000473 0.000473 0.000473 0.000473 0.000473 00.000473 0.000473 
0.000473 0.000473 0.000473 0.000473 0.000473 0.000473 0.000473 00.000473 0.000473 
0.000473 0.000473 0.000473 0.000473 0.000473 0.000473 0.000473 00.000473 0.000473 
0.000473 0.000473 0.000473 0.000473 0.000473 0.000473 0.000473 00.000473 0.000473 
0.000473 0.000473 0.000473 0.000473 0.000473 0.000473 0.000473 00.000473 0.000473 
0.000473 0.000473 0.000473 0.000473 0.000473 0.000473 0.000473 00.000473 0.000473 
0.000473 0.000473 0.000473 0.000473 0.000473 0.000473 0.000473 00.000473 0.000473 
0.000473 0.000473 0.000473 0.000473 0.000473 0.000473 0.000473 00.000473 0.000473 
0.000473 0.000473 0.000473 0.000473 0.000473 0.000473 0.000473 00.000473 0.000473 
0.000473 0.000473 0.000473 0.000473 0.000473 0.000473 0.000473 00.000473 0.000473 
0.000473 0.000473 0.000473 0.000473 0.000473 0.000473 0.000473 00.000473 0.000473 
0.000473 0.000473 0.000473 0.000473 0.000473 0.000473 0.000473 00.000473 0.000473 
0.000473 0.000473 0.000473 0.000473 0.000473 0.000473 0.000473 00.000473 0.000473 
0.000473 0.000473 0.000473 0.000473 0.000473 0.000473 0.000473 00.000473 0.000473 
0.000473 0.000473 0.000473 0.000473 0.000473 0.000473 0.000473 00.000473 0.000473 
0.000473 0.000473 0.000473 0.000473 0.000473 0.000473 0.000473 00.000473 0.000473 
0.000473 0.000473 0.000473 0.000473 0.000473 0.000473 0.000473 00.000473 0.000473 
